12	0	0	8	31	0									
11	9	21	12	45	27									
11	50	47	13	9	37									
9	6	0	9	58	0									
12	6	47	12	49	39									
8	9	0	4	43	0									
31	0	20	66	24	11									
34	15	0	68	0	0									
34	47	49	69	40	45									
36	44	0	68	52	0									
11	10	57	0	37	56									
46	38	10	131	9	14									
28	3	5	9	38	34									
31	15	23	32	17	2									
12	2	0	39	2	0									
32	47	2	44	16	35									
33	21	20	43	47	10									
35	28	5	44	23	32									
34	52	37	44	38	17									
33	0	0	44	0	0									
33	0	0	44	0	0									
33	21	20	43	47	10									
1	0	0	38	0	0									
0	27	9	39	38	45									
28	30	0	106	0	0									
19	17	18	99	40	2									
25	58	38	100	26	55									
14	56	35	3	53	41									
7	25	46	8	45	7									
12	25	24	6	47	53									
8	29	0	8	31	0									
5	55	30	8	5	10									
34	0	28	71	34	42									
24	54	20	67	4	55									
24	54	20	67	4	55									
30	11	56	67	0	34									
34	46	33	72	21	44									
24	54	20	67	4	55									
24	54	20	67	4	55									
24	54	20	67	4	55									
24	54	20	67	4	55									
13	6	37	24	20	20									
13	48	0	23	42	0									
13	45	0	24	30	0									
9	14	0	29	50	0									
10	11	23	69	20	58									
35	0	0	38	0	0									
35	0	0	38	0	0									
35	0	0	38	0	0									
35	0	0	38	0	0									
35	0	0	38	0	0									
35	0	0	38	0	0									
35	0	0	38	0	0									
35	0	0	38	0	0									
35	0	0	38	0	0									
35	0	0	38	0	0									
35	0	0	38	0	0									
35	0	0	38	0	0									
35	0	0	38	0	0									
35	0	0	38	0	0									
35	0	0	38	0	0									
35	0	0	38	0	0									
35	0	0	38	0	0									
35	0	0	38	0	0									
35	0	0	38	0	0									
35	0	0	38	0	0									
35	0	0	38	0	0									
35	0	0	38	0	0									
35	0	0	38	0	0									
35	0	0	38	0	0									
35	0	0	38	0	0									
35	0	0	38	0	0									
35	0	0	38	0	0									
35	0	0	38	0	0									
35	0	0	38	0	0									
35	0	0	38	0	0									
35	0	0	38	0	0									
34	25	4	69	10	22									
31	37	33	63	51	41									
32	26	44	64	44	41									
8	9	33	32	14	23									
31	43	28	61	19	15									
1	0	0	15	0	0									
35	28	5	44	23	32									
33	20	26	44	24	3									
33	20	26	44	24	3									
33	20	26	44	24	3									
33	20	26	44	24	3									
33	23	51	44	27	41									
33	20	26	44	24	3									
9	20	0	12	30	0									
8	32	0	8	18	0									
9	7	0	8	29	0									
12	0	0	8	31	0									
7	47	15	33	0	17									
36	17	21	36	31	13									
3	0	0	35	30	0									
26	11	10	91	45	3									
0	32	13	30	11	8									
33	50	0	35	50	0									
43	10	0	45	0	0									
23	42	37	90	24	26									
6	9	50	39	11	52									
5	32	6	46	23	10									
7	10	0	9	17	0									
0	21	12	40	52	20									
12	46	46	45	2	12									
17	23	2	78	27	22									
8	0	0	28	37	0									
7	16	25	28	40	56									
9	55	0	8	54	0									
10	17	22	11	10	2									
7	51	0	9	47	0									
11	6	22	11	22	25									
10	31	20	7	26	17									
9	44	0	8	47	0									
10	17	22	11	10	2									
18	16	38	32	3	5									
12	0	0	8	31	0									
9	32	16	13	40	38									
33	31	51	71	3	33									
34	27	18	71	19	17									
30	0	0	70	0	0									
33	44	52	70	57	43									
30	11	56	67	0	34									
30	11	56	67	0	34									
11	0	0	30	0	0									
13	45	0	23	11	0									
23	42	37	90	24	26									
35	0	0	38	0	0									
35	0	0	38	0	0									
35	0	0	38	0	0									
35	0	0	38	0	0									
35	0	0	38	0	0									
35	0	0	38	0	0									
35	0	0	38	0	0									
35	0	0	38	0	0									
35	0	0	38	0	0									
35	0	0	38	0	0									
35	0	0	38	0	0									
35	0	0	38	0	0									
35	0	0	38	0	0									
35	0	0	38	0	0									
35	0	0	38	0	0									
35	0	0	38	0	0									
35	0	0	38	0	0									
35	0	0	38	0	0									
35	0	0	38	0	0									
35	0	0	38	0	0									
35	0	0	38	0	0									
35	0	0	38	0	0									
35	0	0	38	0	0									
35	0	0	38	0	0									
35	0	0	38	0	0									
35	0	0	38	0	0									
35	0	0	38	0	0									
35	0	0	38	0	0									
34	32	0	69	10	0									
33	20	22	69	55	13									
37	11	20	68	56	11									
3	17	21	29	43	44									
3	43	2	38	32	35									
41	45	35	86	8	49									
0	39	18	29	2	2									
11	39	39	27	28	45									
7	50	0	34	30	0									
11	52	0	39	44	0									
9	32	16	13	40	38									
34	5	18	74	48	10									
31	59	34	44	55	31									
35	28	5	44	23	32									
35	28	5	44	23	32									
36	20	6	43	7	8									
33	20	26	44	24	3									
30	31	58	47	47	50									
33	20	26	44	24	3									
34	34	55	44	32	10									
33	20	26	44	24	3									
0	58	0	37	10	0									
3	0	0	35	30	0									
54	41	21	25	16	47									
20	40	0	103	20	0									
21	10	27	86	50	47									
19	24	49	102	3	10									
18	21	25	100	40	5									
28	38	0	106	5	0									
12	55	58	11	12	0									
16	16	18	0	2	41									
0	0	0	0	0	0									
20	52	39	95	51	30									
6	26	24	7	29	39									
11	6	12	13	42	46									
11	40	0	9	55	53									
11	50	47	13	9	37									
5	31	0	5	45	0									
11	30	0	8	30	0									
11	42	32	11	4	9									
12	0	0	8	31	0									
11	50	47	13	9	37									
12	0	0	8	31	0									
9	6	0	9	58	0									
8	26	0	12	4	0									
6	33	20	3	20	39									
9	38	0	8	46	0									
9	0	0	7	0	0									
29	1	21	66	35	29									
24	54	20	67	4	55									
34	0	28	71	34	42									
24	54	20	67	4	55									
30	11	56	67	0	34									
25	23	32	68	22	25									
33	55	0	71	49	0									
28	31	58	68	34	20									
34	0	10	71	22	50									
34	0	28	71	34	42									
4	51	5	31	34	56									
6	38	29	101	26	47									
10	0	0	72	10	0									
17	30	0	106	20	0									
17	4	50	44	23	46									
13	52	58	45	52	6									
33	55	33	18	25	23									
35	0	0	38	0	0									
35	0	0	38	0	0									
35	0	0	38	0	0									
35	0	0	38	0	0									
35	0	0	38	0	0									
35	0	0	38	0	0									
35	0	0	38	0	0									
35	0	0	38	0	0									
35	0	0	38	0	0									
35	0	0	38	0	0									
35	0	0	38	0	0									
35	0	0	38	0	0									
35	0	0	38	0	0									
35	0	0	38	0	0									
35	0	0	38	0	0									
35	0	0	38	0	0									
35	0	0	38	0	0									
35	0	0	38	0	0									
35	0	0	38	0	0									
35	0	0	38	0	0									
35	0	0	38	0	0									
35	0	0	38	0	0									
35	0	0	38	0	0									
35	0	0	38	0	0									
35	0	0	38	0	0									
35	0	0	38	0	0									
35	0	0	38	0	0									
35	0	0	38	0	0									
35	0	0	38	0	0									
35	0	0	38	0	0									
35	0	0	38	0	0									
2	2	0	45	21	0									
32	30	0	62	30	0									
34	15	0	68	0	0									
34	17	26	70	22	18									
2	2	0	45	21	0									
31	54	8	66	58	31									
6	46	11	47	25	51									
7	0	0	21	0	0									
39	46	43	78	34	30									
4	33	58	8	35	41									
52	6	14	9	21	22									
0	56	7	75	23	57									
30	9	10	31	18	54									
41	55	38	8	44	4									
3	46	31	98	40	59									
33	44	47	44	38	37									
33	20	26	44	24	3									
34	55	50	43	29	35									
33	20	26	44	24	3									
33	0	0	44	0	0									
33	0	0	44	0	0									
33	0	0	44	0	0									
33	20	26	44	24	3									
33	20	26	44	24	3									
34	1	0	44	23	0									
33	0	0	44	0	0									
33	20	26	44	24	3									
33	0	0	44	0	0									
33	20	26	44	24	3									
0	40	0	36	0	0									
0	27	9	39	38	45									
16	51	48	99	53	24									
22	9	0	100	59	0									
9	34	0	8	55	0									
10	28	4	7	25	15									
6	47	57	6	45	46									
13	3	39	5	14	20									
10	51	7	13	32	56									
13	3	5	8	29	15									
9	8	0	9	47	0									
7	44	27	8	30	43									
9	6	0	9	58	0									
11	30	0	13	0	0									
5	45	6	6	19	34									
9	10	0	9	45	0									
9	10	0	9	45	0									
18	6	59	6	34	20									
13	7	7	13	51	23									
12	52	15	11	2	53									
7	58	0	8	46	0									
8	13	0	5	31	0									
4	35	21	7	57	58									
34	0	28	71	34	42									
34	0	28	71	34	42									
24	54	20	67	4	55									
34	0	28	71	34	42									
30	11	56	67	0	34									
24	54	20	67	4	55									
24	57	29	66	59	29									
30	0	0	70	0	0									
34	0	28	71	34	42									
24	54	20	67	4	55									
7	50	0	122	47	0									
8	0	0	125	0	0									
12	20	0	23	25	0									
13	29	0	22	59	0									
0	0	0	0	0	0									
11	10	0	26	30	0									
11	18	0	24	11	0									
1	42	57	44	46	18									
2	2	0	45	21	0									
2	2	0	45	21	0									
6	48	7	29	41	28									
7	24	0	32	24	0									
4	54	0	33	48	0									
4	11	29	33	40	8									
4	41	5	31	34	56									
6	32	23	101	16	52									
8	0	0	66	0	0									
14	20	24	44	54	31									
35	0	0	38	0	0									
35	0	0	38	0	0									
35	0	0	38	0	0									
35	0	0	38	0	0									
35	0	0	38	0	0									
35	0	0	38	0	0									
35	0	0	38	0	0									
35	0	0	38	0	0									
35	0	0	38	0	0									
35	0	0	38	0	0									
35	0	0	38	0	0									
35	0	0	38	0	0									
35	0	0	38	0	0									
35	0	0	38	0	0									
35	0	0	38	0	0									
35	0	0	38	0	0									
35	0	0	38	0	0									
35	0	0	38	0	0									
35	0	0	38	0	0									
35	0	0	38	0	0									
35	0	0	38	0	0									
35	0	0	38	0	0									
35	0	0	38	0	0									
35	0	0	38	0	0									
35	0	0	38	0	0									
35	0	0	38	0	0									
35	0	0	38	0	0									
35	0	0	38	0	0									
35	0	0	38	0	0									
35	0	0	38	0	0									
31	49	0	64	33	0									
31	43	0	65	15	0									
35	19	0	70	54	0									
32	22	0	62	6	0									
31	27	0	66	31	0									
35	58	0	67	34	0									
34	31	0	69	10	0									
31	36	0	65	42	0									
36	10	0	68	44	0									
33	19	0	68	27	0									
23	42	0	90	24	0									
6	29	0	17	27	0									
4	21	0	18	23	0									
11	36	0	37	22	0									
11	36	0	37	22	0									
9	32	0	13	40	0									
25	19	0	90	33	0									
21	15	0	81	37	0									
33	0	0	44	0	0									
33	20	26	44	24	3									
33	4	3	44	21	44									
33	20	26	44	24	3									
30	30	0	47	49	0									
33	20	26	44	24	3									
35	28	5	44	23	32									
33	20	26	44	24	3									
33	23	51	44	27	41									
33	20	26	44	24	3									
33	20	26	44	24	3									
33	20	26	44	24	3									
30	30	0	47	49	0									
33	20	26	44	24	3									
34	0	0	44	48	0									
32	28	0	44	25	0									
35	28	5	44	23	32									
34	34	55	44	32	10									
34	11	43	43	52	26									
33	20	26	44	24	3									
33	20	26	44	24	3									
33	20	26	44	24	3									
36	20	6	43	7	8									
33	20	26	44	24	3									
33	17	0	44	3	0									
35	28	5	44	23	32									
33	20	26	44	24	3									
33	20	26	44	24	3									
1	3	0	34	57	0									
1	4	0	35	52	0									
3	55	0	41	12	0									
1	16	0	36	48	0									
3	57	0	40	21	0									
34	26	0	35	49	0									
28	38	0	106	5	0									
31	44	0	106	28	0									
7	52	0	9	46	0									
4	52	0	5	53	0									
9	19	0	12	26	0									
7	21	0	8	50	0									
9	0	0	7	0	0									
10	31	0	7	25	0									
9	2	0	7	30	0									
11	50	47	13	9	37									
10	18	0	10	55	0									
6	40	0	9	10	0									
8	29	0	8	31	0									
6	26	0	3	25	0									
6	52	0	101	15	0									
24	54	20	67	4	55									
33	36	0	73	2	0									
31	34	0	73	10	0									
33	42	36	70	20	24									
33	25	0	70	44	0									
34	50	0	71	54	0									
34	50	0	71	54	0									
24	54	20	67	4	55									
34	36	0	73	7	0									
30	11	56	67	0	34									
34	30	0	71	54	0									
24	54	20	67	4	55									
34	51	0	71	25	0									
34	30	0	71	54	0									
34	0	28	71	34	42									
31	20	0	74	21	0									
11	19	0	122	32	0									
11	38	0	24	54	0									
11	31	0	24	20	0									
9	34	0	28	25	0									
11	38	0	24	54	0									
11	11	0	29	25	0									
11	11	0	29	25	0									
11	11	0	29	25	0									
11	5	0	24	37	0									
2	2	0	45	21	0									
11	49	0	32	47	0									
6	36	0	29	58	0									
12	53	0	22	20	0									
7	47	0	33	0	0									
25	39	0	27	14	0									
36	16	0	36	34	0									
35	0	0	38	0	0									
35	0	0	38	0	0									
35	0	0	38	0	0									
35	0	0	38	0	0									
35	0	0	38	0	0									
35	0	0	38	0	0									
35	0	0	38	0	0									
35	0	0	38	0	0									
35	0	0	38	0	0									
35	0	0	38	0	0									
35	0	0	38	0	0									
35	0	0	38	0	0									
35	0	0	38	0	0									
35	0	0	38	0	0									
35	0	0	38	0	0									
35	0	0	38	0	0									
35	0	0	38	0	0									
35	0	0	38	0	0									
35	0	0	38	0	0									
35	0	0	38	0	0									
35	0	0	38	0	0									
35	0	0	38	0	0									
35	0	0	38	0	0									
35	0	0	38	0	0									
35	0	0	38	0	0									
35	0	0	38	0	0									
35	0	0	38	0	0									
35	0	0	38	0	0									
35	0	0	38	0	0									
35	0	0	38	0	0									
35	0	0	38	0	0									
33	48	10	69	49	0									
32	6	20	66	54	30									
34	32	0	69	10	0									
31	0	0	65	45	0									
6	32	0	21	59	0									
6	30	26	18	16	36									
43	48	3	87	36	1									
11	39	39	27	28	45									
32	2	27	42	15	18									
33	58	43	44	56	13									
33	31	46	44	16	39									
36	20	6	43	7	8									
34	0	0	45	0	0									
33	31	46	44	16	39									
33	20	26	44	24	3									
35	34	22	42	44	2									
33	58	43	44	56	13									
33	20	26	44	24	3									
34	34	55	44	32	10									
33	0	0	44	0	0									
33	46	44	44	15	36									
3	54	14	40	19	56									
1	45	0	40	1	0									
4	35	21	35	9	42									
24	10	0	23	15	0									
12	47	0	7	0	0									
7	55	50	8	18	18									
6	54	19	7	47	22									
9	57	42	6	50	13									
11	50	47	13	9	37									
11	44	49	11	57	38									
11	50	47	13	9	37									
11	57	19	6	55	20									
11	50	47	13	9	37									
6	48	51	3	11	44									
9	0	0	7	0	0									
7	24	0	8	34	0									
11	6	12	13	42	46									
33	57	40	71	3	27									
34	0	28	71	34	42									
35	23	75	74	58	92									
24	54	20	67	4	55									
7	5	0	124	23	0									
2	46	51	45	30	1									
2	37	6	44	53	37									
2	2	13	45	20	37									
8	39	0	29	51	0									
35	0	0	38	0	0									
35	0	0	38	0	0									
35	0	0	38	0	0									
35	0	0	38	0	0									
35	0	0	38	0	0									
35	0	0	38	0	0									
35	0	0	38	0	0									
35	0	0	38	0	0									
35	0	0	38	0	0									
35	0	0	38	0	0									
35	0	0	38	0	0									
35	0	0	38	0	0									
35	0	0	38	0	0									
35	0	0	38	0	0									
35	0	0	38	0	0									
35	0	0	38	0	0									
35	0	0	38	0	0									
35	0	0	38	0	0									
35	0	0	38	0	0									
35	0	0	38	0	0									
35	0	0	38	0	0									
35	0	0	38	0	0									
35	0	0	38	0	0									
35	0	0	38	0	0									
35	0	0	38	0	0									
35	0	0	38	0	0									
35	0	0	38	0	0									
35	0	0	38	0	0									
35	0	0	38	0	0									
35	0	0	38	0	0									
4	21	40	18	33	17									
30	11	56	67	0	34									
34	0	28	71	34	42									
12	3	0	24	53	0									
35	54	40	65	1	37									
34	30	0	62	0	0									
34	0	3	69	16	36									
31	0	0	65	45	0									
33	8	23	68	4	39									
32	29	45	67	23	39									
32	29	45	67	23	39									
12	0	0	8	31	0									
23	42	37	90	24	26									
3	52	0	11	31	0									
30	3	45	31	14	58									
27	0	0	30	0	0									
30	3	45	31	14	58									
30	3	45	31	14	58									
31	7	53	33	47	54									
30	3	45	31	14	58									
31	12	56	29	57	18									
30	3	45	31	14	58									
31	12	56	29	57	18									
7	45	22	8	49	4									
33	58	43	44	56	13									
33	20	26	44	24	3									
33	20	26	44	24	3									
34	11	43	43	52	26									
33	20	26	44	24	3									
36	20	6	43	7	8									
33	9	0	44	37	0									
33	58	43	44	56	13									
35	28	5	44	23	32									
33	20	26	44	24	3									
30	31	58	47	47	50									
32	30	46	45	49	5									
31	3	28	46	15	26									
32	47	2	44	16	35									
36	20	6	43	7	8									
33	57	0	44	59	0									
33	20	26	44	24	3									
35	28	5	44	23	32									
34	47	26	44	39	51									
33	58	43	44	56	13									
33	20	26	44	24	3									
33	20	26	44	24	3									
33	20	26	44	24	3									
33	0	0	44	0	0									
33	44	47	44	38	37									
1	50	6	38	27	3									
33	53	20	35	29	39									
32	46	1	22	38	12									
32	7	0	20	4	0									
7	58	0	8	46	0									
11	41	6	11	11	9									
9	6	0	9	45	0									
11	30	0	13	0	0									
8	11	0	9	45	0									
30	55	25	66	27	4									
33	25	28	70	44	11									
24	54	20	67	4	55									
30	0	0	70	0	0									
30	11	56	67	0	34									
33	42	36	70	20	24									
31	32	59	74	20	37									
11	25	42	74	29	18									
8	28	56	124	38	50									
42	58	34	47	30	8									
11	57	0	29	29	0									
6	46	11	47	25	51									
2	2	13	45	20	37									
2	2	13	45	20	37									
1	50	0	45	25	0									
8	39	0	29	51	0									
36	51	36	10	11	36									
7	38	6	66	10	5									
9	12	55	66	0	26									
28	55	39	31	12	6									
35	0	0	38	0	0									
35	0	0	38	0	0									
35	0	0	38	0	0									
35	0	0	38	0	0									
35	0	0	38	0	0									
35	0	0	38	0	0									
35	0	0	38	0	0									
35	0	0	38	0	0									
35	0	0	38	0	0									
35	0	0	38	0	0									
35	0	0	38	0	0									
35	0	0	38	0	0									
35	0	0	38	0	0									
35	0	0	38	0	0									
35	0	0	38	0	0									
35	0	0	38	0	0									
35	0	0	38	0	0									
35	0	0	38	0	0									
35	0	0	38	0	0									
35	0	0	38	0	0									
35	0	0	38	0	0									
35	0	0	38	0	0									
35	0	0	38	0	0									
35	0	0	38	0	0									
35	0	0	38	0	0									
35	0	0	38	0	0									
35	0	0	38	0	0									
35	0	0	38	0	0									
35	0	0	38	0	0									
35	0	0	38	0	0									
35	0	0	38	0	0									
6	41	54	33	7	49									
8	11	0	9	45	0									
32	55	39	55	37	57									
34	17	26	70	22	18									
34	36	3	70	26	52									
36	44	0	68	52	0									
33	33	14	68	25	15									
34	11	14	70	49	23									
34	30	17	62	39	25									
31	33	27	64	1	21									
34	17	26	70	22	18									
35	7	59	61	34	12									
33	40	0	69	20	0									
36	58	20	69	9	47									
32	7	13	64	59	39									
35	36	55	68	39	34									
33	1	1	65	0	0									
21	19	29	0	56	45									
17	47	10	63	10	52									
7	6	0	17	35	0									
4	21	40	18	33	17									
30	30	0	31	14	0									
30	30	0	31	14	0									
30	14	7	31	20	17									
30	30	0	31	14	0									
31	2	21	30	28	8									
30	30	0	31	14	0									
17	14	47	42	3	27									
33	0	0	44	0	0									
33	0	0	44	0	0									
33	20	26	44	24	3									
33	0	0	44	0	0									
34	36	56	43	40	43									
33	20	26	44	24	3									
34	34	55	44	32	10									
34	0	53	44	8	44									
33	44	47	44	38	37									
33	9	0	44	37	0									
33	44	47	44	38	47									
33	20	26	44	24	3									
33	20	26	44	24	3									
33	58	43	44	56	13									
35	28	5	44	23	32									
31	50	9	47	8	38									
33	20	26	44	24	3									
33	0	0	44	0	0									
33	40	28	44	23	45									
33	10	48	44	36	5									
33	20	26	44	24	3									
34	11	43	43	52	26									
33	20	26	44	24	3									
33	25	14	43	18	28									
3	30	0	36	0	0									
3	31	17	39	3	17									
33	51	25	35	30	42									
34	26	12	35	50	59									
37	7	0	20	4	0									
8	8	22	8	48	4									
10	36	46	12	11	40									
11	39	21	13	25	16									
7	48	55	8	51	37									
11	9	21	12	45	27									
12	55	24	13	33	38									
9	0	0	7	0	0									
11	54	0	11	54	0									
7	23	0	10	7	0									
11	31	19	13	41	8									
9	34	0	8	55	0									
29	12	41	67	43	57									
24	54	20	67	4	55									
30	11	56	67	0	34									
30	11	56	67	0	34									
28	56	33	69	4	7									
34	0	28	71	34	42									
31	37	30	71	3	56									
24	54	20	67	4	55									
24	54	20	67	4	55									
7	13	0	124	15	0									
7	4	23	125	36	46									
42	58	34	47	30	8									
57	48	48	28	20	58									
13	39	0	24	5	0									
11	27	42	26	7	33									
2	2	0	45	21	0									
2	2	0	45	21	0									
8	56	6	46	37	14									
2	2	0	45	21	0									
7	24	0	32	24	0									
4	51	5	31	34	56									
6	52	5	101	15	0									
6	52	5	101	15	0									
11	0	0	61	0	0									
8	37	21	70	12	27									
35	0	0	38	0	0									
35	0	0	38	0	0									
35	0	0	38	0	0									
35	0	0	38	0	0									
35	0	0	38	0	0									
35	0	0	38	0	0									
35	0	0	38	0	0									
35	0	0	38	0	0									
35	0	0	38	0	0									
35	0	0	38	0	0									
35	0	0	38	0	0									
35	0	0	38	0	0									
35	0	0	38	0	0									
35	0	0	38	0	0									
35	0	0	38	0	0									
35	0	0	38	0	0									
35	0	0	38	0	0									
35	0	0	38	0	0									
35	0	0	38	0	0									
35	0	0	38	0	0									
35	0	0	38	0	0									
35	0	0	38	0	0									
35	0	0	38	0	0									
35	0	0	38	0	0									
35	0	0	38	0	0									
35	0	0	38	0	0									
35	0	0	38	0	0									
35	0	0	38	0	0									
35	0	0	38	0	0									
35	0	0	38	0	0									
35	0	0	38	0	0									
33	18	21	68	26	49									
33	7	13	64	59	39									
36	42	32	67	6	39									
32	49	15	67	45	53									
32	9	51	63	25	36									
36	44	0	68	52	0									
33	19	59	69	55	1									
6	29	33	17	27	18									
11	39	39	27	28	45									
30	30	0	31	0	0									
14	46	0	90	29	0									
29	27	0	77	35	0									
24	28	29	93	56	39									
34	3	49	44	34	24									
33	0	0	44	0	0									
33	20	26	44	24	3									
33	20	26	44	24	3									
33	1	27	40	10	42									
33	0	0	44	0	0									
33	20	26	44	24	3									
33	44	47	44	38	47									
36	20	6	43	7	8									
33	0	0	44	0	0									
33	20	26	44	24	3									
33	0	0	44	0	0									
34	11	43	43	52	26									
33	20	26	44	24	3									
33	20	26	44	24	3									
34	1	0	44	23	0									
33	20	26	44	24	3									
33	20	26	44	24	3									
32	47	2	44	16	35									
36	11	33	44	0	38									
33	20	26	44	24	3									
1	18	27	34	52	27									
	33	48	34	33	38									
0	6	3	38	1	36									
1	15	25	36	48	12									
30	9	54	10	27	28									
9	43	0	8	55	0									
11	40	45	10	42	26									
11	18	29	7	49	21									
12	29	22	13	12	19									
11	39	21	13	25	16									
12	36	14	13	19	9									
4	35	55	8	18	22									
10	51	33	10	10	7									
8	15	46	7	45	52									
11	48	25	12	29	27									
11	39	21	13	25	16									
9	35	0	8	18	0									
11	30	11	11	56	12									
9	4	6	7	29	1									
11	9	21	12	45	27									
12	0	0	11	30	0									
11	37	5	14	7	2									
11	18	29	7	49	21									
7	54	21	7	51	7									
11	30	11	11	56	12									
34	0	28	71	34	42									
24	54	20	67	4	55									
28	30	21	68	6	10									
34	0	28	71	34	42									
33	54	44	71	49	6									
34	0	28	71	34	42									
24	55	38	67	2	5									
34	0	28	71	34	42									
34	0	28	71	34	42									
13	21	0	121	10	0									
11	28	0	26	48	0									
15	33	6	32	31	56									
12	20	0	23	25	0									
13	46	52	89	7	7									
5	32	9	46	23	11									
2	33	41	44	8	9									
2	33	41	44	8	9									
2	2	0	45	21	0									
2	2	0	45	21	0									
0	21	37	42	32	55									
2	2	0	45	21	0									
2	2	0	45	21	0									
2	2	0	45	21	0									
10	37	54	78	31	26									
10	46	12	106	41	50									
15	40	38	43	56	3									
35	0	0	38	0	0									
35	0	0	38	0	0									
35	0	0	38	0	0									
35	0	0	38	0	0									
35	0	0	38	0	0									
35	0	0	38	0	0									
35	0	0	38	0	0									
35	0	0	38	0	0									
35	0	0	38	0	0									
35	0	0	38	0	0									
35	0	0	38	0	0									
35	0	0	38	0	0									
35	0	0	38	0	0									
35	0	0	38	0	0									
35	0	0	38	0	0									
35	0	0	38	0	0									
35	0	0	38	0	0									
35	0	0	38	0	0									
35	0	0	38	0	0									
35	0	0	38	0	0									
35	0	0	38	0	0									
35	0	0	38	0	0									
35	0	0	38	0	0									
35	0	0	38	0	0									
35	0	0	38	0	0									
35	0	0	38	0	0									
35	0	0	38	0	0									
35	0	0	38	0	0									
35	0	0	38	0	0									
35	0	0	38	0	0									
11	48	25	12	29	27									
34	52	23	71	8	49									
36	45	42	69	20	27									
33	59	43	69	1	21									
37	2	55	66	19	53									
33	18	21	68	26	49									
24	0	0	90	0	0									
2	38	58	44	18	15									
4	44	28	22	49	6									
6	48	20	17	39	6									
30	40	0	104	4	0									
1	24	0	28	49	0									
3	2	0	28	26	0									
30	0	29	31	12	39									
31	7	53	33	47	54									
14	4	54	87	12	24									
25	36	8	85	7	9									
36	20	6	43	7	8									
34	0	53	44	8	44									
33	20	26	44	24	3									
36	22	44	42	26	53									
33	20	26	44	24	3									
33	20	26	44	24	3									
32	30	46	45	49	5									
34	11	43	43	52	26									
33	0	0	44	0	0									
35	28	5	44	23	32									
36	20	6	43	7	8									
33	0	0	44	0	0									
33	20	26	44	24	3									
33	0	0	44	0	0									
36	20	6	43	7	8									
33	0	0	44	0	0									
33	0	0	44	0	0									
33	20	26	44	24	3									
33	20	26	44	24	3									
33	44	47	44	38	37									
4	3	16	39	39	48									
4	1	12	39	40	0									
33	50	0	35	50	0									
18	27	55	94	21	56									
18	24	2	34	4	18									
5	5	0	3	39	0									
9	33	57	8	55	1									
12	38	51	5	4	18									
6	10	41	6	31	27									
8	51	0	5	5	0									
12	11	51	14	1	20									
11	39	21	13	25	16									
30	55	25	66	27	4									
30	11	56	67	0	34									
31	49	57	70	54	8									
32	28	42	74	51	23									
27	22	28	67	54	59									
29	1	50	69	9	3									
30	11	56	67	0	34									
13	0	0	122	0	0									
48	43	9	44	30	6									
11	57	0	23	16	59									
13	48	0	23	42	0									
11	45	0	24	50	0									
12	3	0	24	53	0									
12	9	59	31	18	10									
0	21	37	42	32	55									
4	44	9	45	12	13									
2	46	51	45	30	1									
7	47	15	33	0	17									
7	24	0	32	24	0									
14	48	27	44	34	4									
25	41	28	27	29	36									
35	0	0	38	0	0									
35	0	0	38	0	0									
35	0	0	38	0	0									
35	0	0	38	0	0									
35	0	0	38	0	0									
35	0	0	38	0	0									
35	0	0	38	0	0									
35	0	0	38	0	0									
35	0	0	38	0	0									
35	0	0	38	0	0									
35	0	0	38	0	0									
35	0	0	38	0	0									
35	0	0	38	0	0									
35	0	0	38	0	0									
35	0	0	38	0	0									
35	0	0	38	0	0									
35	0	0	38	0	0									
35	0	0	38	0	0									
35	0	0	38	0	0									
35	0	0	38	0	0									
35	0	0	38	0	0									
35	0	0	38	0	0									
35	0	0	38	0	0									
35	0	0	38	0	0									
35	0	0	38	0	0									
35	0	0	38	0	0									
35	0	0	38	0	0									
35	0	0	38	0	0									
35	0	0	38	0	0									
35	0	0	38	0	0									
35	0	0	38	0	0									
12	3	0	24	53	0									
5	56	2	15	35	45									
11	38	59	14	6	9									
2	24	30	42	58	37									
13	38	52	24	5	25									
32	6	20	66	54	30									
33	0	0	65	0	0									
35	57	23	64	17	42									
34	3	24	70	39	40									
32	6	20	66	54	30									
24	0	0	90	0	0									
4	21	40	18	33	17									
5	19	0	4	2	0									
3	26	14	76	31	21									
26	59	33	31	24	55									
8	0	0	44	0	0									
37	58	0	23	43	0									
26	26	0	90	22	0									
31	1	50	61	29	41									
30	1	50	61	29	41									
35	28	2	50	58	3									
35	41	39	51	25	17									
33	0	0	44	0	0									
34	36	56	43	40	43									
36	20	6	43	7	8									
36	20	6	43	7	8									
31	19	55	45	17	39									
33	44	47	44	38	47									
32	36	8	45	45	7									
33	44	47	44	38	47									
33	20	26	44	24	3									
34	34	55	44	32	10									
33	20	26	44	24	3									
33	35	0	45	4	0									
33	0	0	44	0	0									
34	34	55	44	32	10									
36	20	6	43	7	8									
33	20	26	44	24	3									
33	0	0	44	0	0									
33	0	0	44	0	0									
33	40	28	44	23	45									
34	30	0	43	39	0									
33	20	26	44	24	3									
34	26	0	35	51	0									
33	53	13	35	30	47									
32	54	8	13	11	9									
18	26	28	1	24	28									
16	16	0	0	3	0									
11	31	19	13	41	8									
4	55	29	6	15	51									
6	20	6	5	37	39									
7	54	21	7	51	7									
7	54	21	7	51	7									
11	6	12	13	42	46									
11	39	6	13	25	10									
7	47	13	4	45	46									
11	9	21	12	45	27									
9	12	0	12	29	0									
4	55	29	6	15	51									
8	43	0	9	30	0									
9	33	57	8	55	1									
11	9	21	12	45	27									
13	5	40	13	49	24									
29	12	41	67	43	57									
24	54	20	67	4	55									
24	54	20	67	4	55									
33	36	2	73	4	4									
32	34	22	74	4	44									
30	11	56	67	0	34									
24	54	20	67	4	55									
13	29	0	22	59	0									
13	0	0	25	0	0									
12	33	57	23	0	41									
6	57	7	47	37	26									
2	46	51	45	30	1									
1	42	57	44	44	54									
2	2	0	45	21	0									
4	44	9	45	12	13									
2	2	0	45	21	0									
9	17	36	29	47	20									
6	20	0	38	27	0									
15	20	54	44	12	23									
14	57	0	46	56	0									
26	19	28	27	19	15									
25	41	48	27	29	36									
35	0	0	38	0	0									
35	0	0	38	0	0									
35	0	0	38	0	0									
35	0	0	38	0	0									
35	0	0	38	0	0									
35	0	0	38	0	0									
35	0	0	38	0	0									
35	0	0	38	0	0									
35	0	0	38	0	0									
35	0	0	38	0	0									
35	0	0	38	0	0									
35	0	0	38	0	0									
35	0	0	38	0	0									
35	0	0	38	0	0									
35	0	0	38	0	0									
35	0	0	38	0	0									
35	0	0	38	0	0									
35	0	0	38	0	0									
35	0	0	38	0	0									
35	0	0	38	0	0									
35	0	0	38	0	0									
35	0	0	38	0	0									
35	0	0	38	0	0									
35	0	0	38	0	0									
35	0	0	38	0	0									
35	0	0	38	0	0									
35	0	0	38	0	0									
35	0	0	38	0	0									
35	0	0	38	0	0									
35	0	0	38	0	0									
23	42	0	90	21	0									
2	2	0	45	21	0									
4	51	0	31	36	0									
31	37	0	65	43	0									
35	35	2	63	19	43									
31	45	24	65	38	50									
8	50	18	13	14	4									
23	42	0	90	21	0									
25	1	0	89	19	0									
4	48	1	18	7	38									
4	22	0	18	35	0									
5	56	2	15	35	45									
4	22	0	18	35	0									
4	22	0	18	35	0									
4	22	0	18	35	0									
0	29	28	29	28	23									
0	38	27	29	54	21									
31	4	0	31	41	0									
0	0	0	0	0	0									
26	31	0	88	46	0									
33	20	26	44	24	3									
33	40	28	44	23	45									
35	28	5	44	23	32									
33	20	26	44	24	3									
33	25	14	43	18	28									
33	20	26	44	24	3									
33	42	10	44	39	34									
33	44	47	44	38	47									
34	0	0	45	0	0									
33	20	0	44	26	0									
33	20	26	44	24	3									
36	20	6	43	7	8									
33	20	26	44	24	3									
36	20	6	43	7	8									
33	20	26	44	24	3									
33	0	0	44	0	0									
33	20	26	44	24	3									
34	34	55	44	32	10									
34	36	56	43	40	43									
33	20	26	44	24	3									
3	27	54	39	6	18									
0	30	0	37	17	0									
1	17	0	36	49	0									
4	16	18	39	34	7									
33	53	13	35	30	47									
11	9	21	12	45	27									
9	49	28	12	37	30									
5	56	34	8	22	43									
11	9	21	12	45	27									
6	59	43	3	58	15									
9	33	57	8	55	1									
8	8	34	4	41	16									
11	31	19	13	41	8									
11	40	35	10	11	41									
7	58	0	8	46	0									
24	54	20	67	4	55									
24	54	20	67	4	55									
24	55	38	67	2	5									
31	32	59	74	20	37									
34	0	10	71	22	50									
34	12	7	72	3	9									
14	30	31	121	1	10									
48	42	0	44	31	0									
11	24	0	29	8	0									
13	7	58	23	52	17									
12	54	34	23	28	26									
12	0	0	28	9	0									
11	8	0	29	53	0									
6	8	52	46	23	47									
11	17	5	49	10	57									
2	2	0	45	21	0									
2	2	0	45	21	0									
1	58	49	44	49	52									
2	2	0	45	21	0									
6	46	11	47	25	51									
2	2	0	45	21	0									
2	11	16	42	17	0									
4	51	0	31	36	0									
8	27	0	30	19	0									
7	47	0	33	3	0									
47	40	3	34	3	34									
15	20	54	44	12	23									
16	55	2	43	45	36									
14	28	57	43	58	29									
13	56	12	45	32	53									
16	53	31	43	48	15									
35	0	0	38	0	0									
35	0	0	38	0	0									
35	0	0	38	0	0									
35	0	0	38	0	0									
35	0	0	38	0	0									
35	0	0	38	0	0									
35	0	0	38	0	0									
35	0	0	38	0	0									
35	0	0	38	0	0									
35	0	0	38	0	0									
35	0	0	38	0	0									
35	0	0	38	0	0									
35	0	0	38	0	0									
35	0	0	38	0	0									
35	0	0	38	0	0									
35	0	0	38	0	0									
35	0	0	38	0	0									
35	0	0	38	0	0									
35	0	0	38	0	0									
35	0	0	38	0	0									
35	0	0	38	0	0									
35	0	0	38	0	0									
35	0	0	38	0	0									
35	0	0	38	0	0									
35	0	0	38	0	0									
35	0	0	38	0	0									
35	0	0	38	0	0									
35	0	0	38	0	0									
35	0	0	38	0	0									
35	0	0	38	0	0									
35	0	0	38	0	0									
6	25	11	121	58	17									
